  74
   1    -0.446    89.698    -0.195   39   39   -1   -1
   2  -101.436    70.432  -101.522   30   19   -1   -1
   3  -199.379    69.211  -201.836   14    3   -1   -1
   4    99.386    50.382   100.302   56   68   -1   -1
   5    99.110    11.346   100.564   65   76   -1   -1
   6   200.988    50.645   199.711   73   85   -1   -1
   7  -101.492    30.446  -100.612   38   30   -1   -1
   8  -100.081    49.346   100.625   68   56   -1   -1
   9   201.117    60.491   199.455   71   84   -1   -1
  10   200.311    30.130  -200.364    7   23   -1   -1
  11    98.942    21.273   100.544   62   74   -1   -1
  12  -199.012    79.331  -201.750   12    2   -1   -1
  13  -101.545    50.758  -100.768   35   24   -1   -1
  14  -199.133    18.612  -202.077   26    9   -1   -1
  15    -0.606    49.576    -0.228   45   45   -1   -1
  16  -199.137    48.904  -201.954   18    5   -1   -1
  17    -0.620    10.057    -0.310   51   51   -1   -1
  18    -0.767    29.900    -0.058   48   47   -1   -1
  19  -101.494    40.278  -100.642   36   27   -1   -1
  20  -200.164    60.776   201.013   84   71   -1   -1
  21  -199.189    38.489  -202.203   21    6   -1   -1
  22    -0.567    39.850    -0.088   46   46   -1   -1
  23  -200.216    91.785   201.476   81   64   -1   -1
  24  -100.048    19.833   100.205   74   63   -1   -1
  25  -101.454    60.375  -101.107   33   21   -1   -1
  26   201.046    40.564   199.726   75   86   -1   -1
  27  -199.219    59.133  -202.027   16    4   -1   -1
  28  -199.166    89.598  -201.551   10    1   -1   -1
  29  -101.464    20.410  -100.496   40   32   -1   -1
  30  -101.429    80.712  -101.165   27   17   -1   -1
  31  -199.976    50.591   200.823   85   73   -1   -1
  32  -200.259    81.113   201.027   82   67   -1   -1
  33  -100.147    29.788   100.734   72   60   -1   -1
  34   201.114    30.725   199.784   77   87   -1   -1
  35    -0.282    19.755    -0.317   50   49   -1   -1
  36    99.104    30.864   100.156   60   72   -1   -1
  37  -200.657    70.998   200.734   83   69   -1   -1
  38   200.899    20.975   200.043   78   88   -1   -1
  39   -99.799    69.952   101.219   63   53   -1   -1
  40  -200.281   101.605   200.908   80   61   -1   -1
  41  -100.010    39.839   100.681   70   58   -1   -1
  42   201.153    70.088   199.342   69   83   -1   -1
  43    -0.580    69.676    -0.231   43   43   -1   -1
  44    -0.748    79.761    -0.264   41   41   -1   -1
  45   -99.640    99.748   101.401   55   48   -1   -1
  46   -99.597    89.986   101.579   57   50   -1   -1
  47   200.475    40.979  -199.429    6   20   -1   -1
  48    -0.917    59.611    -0.263   44   44   -1   -1
  49   -99.971    59.434   100.680   66   54   -1   -1
  50   201.033    89.800   198.934   64   81   -1   -1
  51    99.232    40.658   100.242   58   70   -1   -1
  52  -199.270    99.643  -201.568    8    0   -1   -1
  53   -99.731    80.057   101.367   59   52   -1   -1
  54   200.985    79.877   199.072   67   82   -1   -1
  55    99.083    60.277   100.432   54   65   -1   -1
  56  -200.370    40.509   200.709   86   75   -1   -1
  57  -199.256     8.339  -203.044   29   11   -1   -1
  58   201.047   100.106   199.023   61   80   -1   -1
  59  -100.187     9.552   100.129   76   66   -1   -1
  60    98.969    70.266   100.356   53   62   -1   -1
  61   200.598    11.336   200.253   79   89   -1   -1
  62  -199.179    28.551  -202.082   24    7   -1   -1
  63   200.607    50.033  -199.899    5   18   -1   -1
  64    99.254    89.961   100.183   49   57   -1   -1
  65   200.702    59.856  -200.119    4   16   -1   -1
  66    99.213    99.921   100.275   47   55   -1   -1
  67    98.728    79.557   100.218   52   59   -1   -1
  68   201.063    89.189  -200.738    1   10   -1   -1
  69  -200.262    30.024   200.676   87   77   -1   -1
  70  -200.209    19.724   200.449   88   78   -1   -1
  71   201.318    98.599  -200.990    0    8   -1   -1
  72   200.839    69.660  -200.277    3   14   -1   -1
  73  -199.694    10.001   200.520   89   79   -1   -1
  74   200.786    79.306  -200.493    2   12   -1   -1
